delete
0 77 196 289 347 555 900 941 1127 1207
greatest
0 552 669 868 870 1207
value
0 6 124 139 174 193 242 374 377 470 529 589 599 701 709 710 711 934 1109 1142 1143 1169 1207 1213
in
0 22 44 91 95 118 139 141 147 178 185 192 206 213 220 225 228 233 241 282 291 299 305 312 316 321 335 346 348 356 357 385 388 390 401 440 443 481 482 492 504 505 520 523 524 527 530 538 539 546 553 557 558 560 575 589 592 596 619 624 626 627 632 634 646 649 653 660 667 668 682 683 689 692 696 711 715 729 739 778 782 795 796 803 815 834 837 849 852 859 868 872 875 881 908 948 958 962 993 995 997 1023 1026 1038 1046 1061 1064 1065 1070 1079 1090 1117 1127 1142 1153 1163 1186 1187 1188 1197 1202 1207 1229
each
0 163 359 451 570 589 604 782 948 1018 1070 1191 1207
row
0 384 447 676 961 1207
substring
1 31 99 152 242 320 416 435 517 534 626 678 831 907 945 1083 1188 1208
with
1 6 50 56 62 71 82 86 88 98 103 105 121 144 157 242 249 252 260 262 317 329 333 372 384 386 405 413 420 427 431 447 475 495 507 514 517 522 533 534 561 562 567 573 636 657 665 669 697 707 737 758 784 793 812 813 818 844 858 859 863 882 883 885 914 916 933 940 946 960 969 985 1019 1021 1037 1041 1060 1073 1075 1082 1086 1094 1099 1110 1119 1143 1150 1170 1177 1198 1200 1203 1208 1213
concatenation
1 475 710 1025 1208
of
1 4 8 15 17 17 24 32 33 34 38 39 43 45 46 51 55 78 79 82 83 86 100 102 107 109 109 121 122 126 129 132 139 143 156 158 159 161 167 174 175 175 180 183 184 187 191 205 216 217 218 219 220 221 221 223 227 236 238 239 249 251 252 252 253 254 259 261 262 263 265 273 273 276 282 285 286 287 293 303 307 308 310 312 323 323 325 327 331 336 349 350 355 355 357 358 360 363 366 368 369 370 374 388 391 394 396 408 416 417 421 422 432 433 435 437 440 450 451 466 470 471 472 475 475 480 482 483 484 496 497 499 501 507 510 511 513 522 524 537 538 543 549 552 559 561 561 567 580 584 586 588 590 593 599 606 608 613 616 619 622 623 628 629 635 642 649 651 662 664 669 673 675 681 687 688 699 701 707 709 713 718 721 721 722 730 734 747 748 758 762 764 765 769 773 777 777 784 787 790 794 800 807 808 808 810 815 817 823 824 826 834 836 838 841 844 845 850 856 857 862 863 864 864 872 873 881 888 889 890 892 894 904 905 908 909 911 914 915 915 917 920 922 927 928 932 938 943 943 943 944 945 946 955 956 959 965 967 968 971 975 984 984 986 999 1018 1019 1025 1038 1040 1044 1045 1046 1046 1049 1051 1053 1060 1061 1064 1067 1072 1076 1078 1080 1082 1083 1083 1087 1093 1097 1100 1103 1115 1116 1116 1129 1132 1135 1143 1144 1151 1161 1165 1180 1180 1184 1185 1187 1188 1188 1189 1191 1196 1208 1211 1215 1222 1224 1224 1231
all
1 45 59 117 121 225 231 233 260 299 346 370 429 431 435 481 484 546 650 651 652 657 673 808 824 834 885 915 928 954 1045 1048 1061 1087 1093 1096 1116 1134 1134 1157 1197 1208
words
1 18 125 126 157 204 311 342 357 600 722 764 778 800 887 1002 1063 1168 1208 1225
distinct
2 208 236 248 391 553 559 777 784 975 1019 1115 1209
subsequences
2 150 161 269 308 478 497 603 608 923 1179 1209
ii
2 37 75 95 137 153 154 212 240 278 281 296 330 347 364 380 438 439 455 535 536 540 550 556 574 641 644 645 696 724 786 797 861 902 926 939 948 954 978 981 1013 1031 1043 1105 1108 1145 1173 1178 1209
matrix
3 52 89 147 162 234 251 251 356 415 560 595 598 624 632 653 706 830 1098 1104 1153 1164 1210
block
3 1210
sum
3 5 8 10 32 40 46 53 61 69 75 82 100 110 146 175 185 205 237 249 255 262 273 293 323 326 340 356 358 372 376 413 427 443 466 471 471 476 484 494 501 510 511 532 538 556 560 561 561 568 590 606 622 644 665 677 697 699 708 719 736 780 784 808 838 848 857 861 870 877 883 916 940 944 971 972 1001 1021 1024 1033 1034 1060 1065 1076 1093 1100 1143 1180 1210 1212 1215 1217
valid
4 7 16 68 73 211 247 373 503 505 514 698 919 1145 1162 1211 1214 1223
arrangement
4 926 1111 1211
pairs
4 5 43 92 100 119 220 253 302 327 475 496 588 627 718 888 968 1021 1211 1212
map
5 1212
smallest
6 37 54 80 90 228 239 335 341 431 444 564 589 591 701 730 781 837 847 946 960 966 979 987 1023 1059 1099 1115 1143 1213
index
6 670 711 1121 1213
equal
6 86 88 155 283 296 377 455 475 561 567 585 651 680 766 780 815 856 864 883 906 916 928 943 957 961 975 1048 1060 1072 1110 1119 1130 1213
minimum
7 13 29 42 55 62 110 118 124 127 132 165 170 174 197 200 218 219 250 251 261 274 279 294 296 305 321 325 332 360 363 378 390 394 395 407 432 437 440 455 469 481 492 511 513 518 530 532 537 570 573 611 617 628 635 637 658 673 674 677 678 691 695 696 740 745 748 769 783 790 811 814 845 861 877 884 890 901 906 909 928 929 937 949 950 954 956 961 966 997 1000 1033 1048 1053 1055 1074 1075 1082 1097 1120 1140 1161 1171 1178 1187 1189 1214 1220 1236
add
7 322 550 600 893 909 1032 1155 1214
to
7 28 29 32 42 51 55 59 60 77 86 88 117 118 127 132 148 164 174 186 196 197 200 205 217 217 218 243 251 251 266 271 274 274 276 279 282 286 289 291 296 304 313 313 322 332 347 354 366 378 390 394 400 407 407 422 429 430 432 433 436 441 455 468 475 476 481 483 501 513 518 537 540 545 567 570 591 597 607 617 619 619 623 623 628 633 635 637 642 650 650 651 655 673 680 695 695 712 716 734 740 741 745 748 761 766 769 780 789 790 790 792 794 814 833 833 844 845 851 864 890 906 917 927 928 928 929 938 943 950 954 956 966 974 980 985 1002 1011 1037 1048 1053 1055 1060 1074 1097 1100 1108 1119 1120 1132 1148 1151 1161 1166 1170 1171 1189 1214 1235 1236
make
7 28 77 127 196 197 200 235 279 289 296 304 313 347 378 394 432 513 537 540 585 617 628 635 650 651 734 741 748 766 769 775 814 815 874 876 907 928 929 957 975 985 1048 1055 1120 1130 1214 1235
parentheses
7 181 322 451 503 747 894 1214
left
8 10 1169 1191 1215 1217
leaves
8 787 1215
course
9 1017 1216
schedule
9 1017 1216
iv
9 162 376 694 1085 1216
and
10 27 67 106 135 175 182 184 250 286 300 334 377 403 471 492 524 548 555 600 616 658 667 712 762 818 829 842 843 864 865 868 877 886 969 984 1005 1037 1108 1114 1117 1119 1170 1181 1191 1217 1234
right
10 948 1070 1191 1217
differences
10 1217
shuffle
11 268 615 1218
the
11 19 23 28 33 38 41 49 52 65 73 81 81 83 91 91 109 114 121 123 156 159 174 175 206 214 214 219 223 235 239 246 248 262 282 291 299 327 331 355 398 407 412 416 417 418 425 431 454 472 480 500 534 543 557 566 569 573 580 591 593 593 650 651 658 662 669 672 692 697 701 703 710 718 730 730 744 751 789 791 795 806 814 817 831 841 854 892 892 894 903 908 915 925 929 934 946 946 950 955 959 964 966 968 974 986 994 1003 1007 1010 1051 1055 1058 1084 1100 1107 1109 1140 1146 1150 1159 1161 1186 1197 1198 1202 1218 1226 1230 1235
array
11 28 78 85 91 102 119 121 139 150 159 167 191 209 212 217 218 219 220 230 248 250 254 257 258 268 296 299 302 313 321 336 338 348 355 378 385 405 420 443 446 453 455 468 471 500 501 504 523 524 546 553 557 558 575 579 580 606 628 642 644 661 661 662 683 692 696 710 711 717 748 750 750 755 767 769 777 782 792 795 814 821 838 865 874 878 906 916 927 928 929 965 974 985 1011 1025 1026 1048 1055 1073 1080 1086 1086 1087 1110 1117 1120 1130 1159 1186 1201 1218 1235
maximum
12 23 84 92 107 126 129 139 147 158 163 172 187 190 193 195 220 222 224 238 243 249 250 263 293 309 310 311 326 329 336 357 358 361 382 384 392 399 404 405 408 418 427 442 443 448 463 466 470 504 507 512 522 528 534 539 549 569 616 622 658 664 684 688 697 700 707 711 719 735 736 765 774 779 784 785 802 809 820 821 826 833 840 841 848 850 863 877 894 904 922 927 932 936 944 952 965 968 976 984 998 1038 1040 1051 1054 1060 1064 1065 1083 1103 1132 1136 1139 1159 1188 1196 1219 1230
deletions
12 1219
on
12 214 218 275 740 810 866 884 937 952 1131 1203 1219
a
12 18 42 89 102 107 109 120 121 129 139 144 147 157 166 167 178 185 186 200 206 218 221 227 233 273 274 275 305 307 316 325 328 335 349 354 356 358 370 388 388 388 390 390 392 399 401 410 419 426 435 440 440 441 453 466 476 481 482 495 505 505 510 512 541 561 563 572 580 587 591 596 617 619 623 624 625 632 649 653 671 674 681 711 711 718 721 729 757 778 790 794 796 810 815 817 833 834 834 849 859 872 875 881 882 904 911 917 917 931 932 937 944 946 952 958 984 995 997 1006 1008 1021 1026 1038 1046 1046 1046 1060 1061 1064 1069 1069 1083 1086 1094 1103 1116 1127 1142 1151 1153 1163 1188 1189 1197 1203 1204 1219 1225
string
12 15 20 48 50 77 90 131 139 167 197 225 233 235 292 304 312 332 339 366 379 399 402 419 424 444 449 464 474 482 499 510 517 523 537 553 557 580 591 617 634 667 671 671 718 773 778 805 831 851 872 882 915 917 949 995 1016 1054 1059 1099 1116 1150 1151 1204 1219 1222 1227
genetic
13 528 589 1220
mutation
13 1220
time
14 29 55 103 118 127 307 354 362 390 422 481 518 604 712 740 1037 1040 1066 1097 1108 1170 1183 1184 1221 1236
based
14 866 1221
key-value
14 1221
store
14 1132 1221
optimal
15 1222
partition
15 258 468 620 780 821 916 927 1222
phone
16 930 1223
numbers
16 49 64 113 205 210 226 299 316 333 489 546 550 599 660 672 688 748 762 943 1076 1223
number
17 24 32 33 43 45 49 51 68 82 86 115 126 132 133 148 156 158 161 180 183 184 187 194 217 218 220 221 223 236 249 251 252 253 259 273 276 277 282 284 286 307 327 331 350 353 357 360 363 366 369 377 391 394 397 432 433 437 441 444 475 476 480 482 483 496 497 499 507 511 513 537 541 559 564 567 584 586 608 613 619 619 623 623 628 633 635 642 649 664 669 673 675 687 698 701 704 707 713 721 730 734 735 757 758 765 769 774 786 790 794 819 826 837 844 845 846 850 864 872 873 881 905 908 909 914 917 920 922 927 928 930 938 943 943 946 955 956 959 966 967 970 975 986 998 1018 1023 1038 1039 1041 1044 1053 1064 1069 1071 1074 1078 1083 1091 1135 1144 1151 1161 1188 1224 1231
sets
17 1224
k
17 34 46 63 71 84 86 105 119 243 262 266 302 346 413 426 437 448 470 542 560 567 652 680 692 697 746 780 781 784 821 844 864 884 940 1009 1027 1034 1052 1075 1159 1168 1191 1224
non-overlapping
17 158 249 293 520 765 1056 1199 1224
line
17 203 1008 1224
segments
17 482 651 1224
count
18 71 120 156 178 182 183 199 223 241 260 269 302 317 327 331 369 372 377 479 489 497 527 559 566 568 584 588 607 616 647 660 687 727 761 810 826 856 858 885 888 962 985 986 1018 1116 1117 1118 1167 1198 1225
obtained
18 622 1098 1225
after
18 31 63 70 84 133 282 340 361 374 399 448 511 559 706 884 937 949 984 1014 1042 1054 1059 1069 1080 1087 1143 1187 1225
adding
18 113 1225
letter
18 312 868 887 979 1124 1225
describe
19 1226
painting
19 1094 1226
di
20 444 1227
match
20 31 164 1227
find
21 22 81 91 109 159 191 233 242 248 262 275 299 321 338 398 418 450 476 480 492 514 524 529 534 545 546 557 571 580 587 604 633 657 662 667 670 683 696 703 710 714 739 750 789 812 838 843 847 854 883 892 903 920 934 946 964 979 1046 1087 1088 1107 1150 1157 1159 1169 1176 1228 1229
common
21 124 552 681 787 912 1228
characters
21 45 77 99 304 429 664 733 807 829 860 882 975 1019 1115 1116 1228
duplicate
22 154 1229
file
22 134 1229
system
22 58 128 189 541 953 1229
get
23 117 155 217 504 785 897 1230
score
23 56 63 71 121 129 224 261 311 325 382 399 418 543 706 736 747 840 914 937 960 965 1011 1014 1087 1198 1230
beautiful
24 33 331 926 1111 1231
partitions
24 1044 1231
rotate
25 424 755 990 1232
image
25 731 1232
design
26 57 58 116 128 144 188 189 295 541 600 1194 1233
an
26 78 116 139 159 175 268 355 385 405 409 417 471 480 523 539 546 553 558 575 660 662 683 692 792 838 897 927 1073 1086 1087 1117 1186 1233
atm
26 1233
machine
26 1233
domino
27 961 1234
tromino
27 1234
tiling
27 1234
split
28 150 310 642 741 767 866 1151 1235
coprime
28 1235
products
28 206 314 1096 1132 1235
repair
29 1236
cars
29 1236
k-similar
30
strings
30 39 239 241 323 345 351 475 513 552 588 741 761 766 871 889 915 941 986 1027 1133 1157
replacement
31 1123
submatrices
32 260 885
that
32 81 190 199 214 476 599 647 821 856 882 920 959 964 1046
target
32 59 82 218 237 249 274 304 420 475 501 716 748 795 917 950 979
subsets
33 223 780 826 1043
detect
34 803
pattern
34 320 445 843 992
length
34 141 143 262 263 416 522 652 784 812 915 949 1060 1093 1179 1188
m
34 635
repeated
34 152 263 320 333 725
or
34 88 395 402 421 447 676 680 864 964 1060 1110
more
34 348 1030
times
34 499 842
strong
35
password
35
checker
35 602
n-ary
36 87 238
tree
36 44 79 87 95 164 185 186 238 306 318 346 349 400 403 411 422 461 466 477 481 492 493 526 527 538 548 549 576 577 596 629 681 684 691 719 729 754 815 828 849 937 958 977 997 1046 1046 1065 1158 1169 1185 1196
level
36 466 754
order
36 228 229 349 530 626 715 754 795 1079
traversal
36 87 164 349 403 461 548 576 754
range
37 53 146 244 255 426 574 660 762 781 817 987 1197
frequency
38 172 239 244 365 446 733 825
most
38 40 447 448 454 653 773 875 884 920 1141
frequent
38 40 1168
element
38 335 348 405 471 524 531 536 575 654 714 782 855 950 1026 1085
largest
39 73 91 133 140 185 262 285 479 529 544 575 704 857 858 951 959 969 1142 1153 1174
merge
39 76 436 542 637 646 716 1133
two
39 42 76 92 113 204 216 293 308 325 350 351 379 396 421 513 545 550 564 644 722 741 771 800 816 836 856 862 871 887 890 934 941 943 957 1001 1051 1062 1100 1155 1199
subtree
40 431 589 629
defuse
41
bomb
41
distance
42 346 611 726 847 901 910 934 946 950 1042 1103
type
42 126 518
word
42 192 330 352 365 388 388 438 518 800 858 980 992
using
42 518 547 591 991
fingers
42
excellent
43
cousins
44 95
binary
44 79 89 95 97 121 136 164 185 186 197 205 213 251 306 318 346 349 380 403 421 422 461 466 477 493 499 527 548 549 576 596 619 624 653 665 680 681 684 719 754 773 815 828 849 893 958 977 997 1004 1041 1046 1054 1065 1126 1158 1185 1196
substrings
45 155 158 180 199 208 224 451 634 687 743 758 765 808 824 949 1019 1116
containing
45 771 1018
three
45 216 232 273 283 285 303 476 599 659 688 842 870 916 1019 1094
max
46 51 101 122 308 540 561 709 897 914
rectangle
46 280 334 702 896 1003 1178
no
46 252 771 813 933
larger
46
than
46 49 71 88 348 680 864 969 979 1009 1030 1060 1110 1177
corporate
47
flight
47
bookings
47
backspace
48
compare
48 210 239
how
49
many
49
are
49 65 292 316 351 379 599 652 871 1197
smaller
49
current
49
construct
50 73 403 420 444 526 548 1003 1027
repeat
50
limit
50 88 103 866
remove
51 61 65 130 181 212 225 435 465 508 603 621 749 939 994 1129
edges
51 492
keep
51
graph
51 107 207 358 423 440 450 739 796 834 1142
fully
51
traversable
51
sort
52 111 446 449 456 517 535 640 672 733 791 1109
diagonally
52
query
53 146 163 255 528 570
-
53 146 255 641 644
mutable
53
sufficient
54
team
54 813 932
amount
55 422 1097
fill
55 201
cups
55
node
56 186 483 545 592 834 948 997 1046 1070 1127 1129
highest
56 112 121 426 457 753 854 960 1198
edge
56 207
circular
57 213 367 875 892
deque
57
parking
58
paths
59 483 560 573 649 650 815 914 967 1013 1158
from
59 61 186 204 212 224 250 309 382 403 405 430 442 444 470 483 508 548 563 564 571 691 750 781 783 785 876 878 895 897 907 939 994 1101 1129 1179 1191 1204
source
59
transform
60 78 782
chessboard
60
zero
61 251 487 607 623 633 650 651 695 969 1119 1130
consecutive
61 64 101 150 198 232 419 429 437 476 639 860 936 1192
nodes
61 141 231 346 369 401 431 496 508 527 545 627 636 646 673 849 852 888 901 977 1198
linked
61 83 130 301 401 458 508 592 862 944 1050 1127 1149
list
61 83 130 206 301 319 401 458 508 592 640 939 944 990 1050 1127 1129 1149
path
62 75 98 107 110 117 134 177 231 264 305 325 486 505 532 596 632 653 719 739 859 861 1024
effort
62
maximal
63 702
applying
63 1059
operations
63 200 296 361 374 382 432 517 537 559 607 628 695 734 766 792 814 928 929 1014 1042 1048 1055 1059 1073 1074 1075
colored
65 337
pieces
65 1049
if
65 167 273 292 316 351 377 379 388 453 505 517 598 652 671 739 773 800 865 1008 1134 1197
both
65
neighbors
65 946
same
65 217 282 447 737 964
color
65 1142
utf-8
66
validation
66
cat
67
mouse
67
constrained
69
subsequence
69 72 143 200 215 262 452 530 582 641 680 840 848 869 1020 1078 1115
prison
70
cells
70
n
70 818 915 1014 1040 1053
days
70 350 597 635 727 789 956 1053
subarrays
71 86 105 183 218 249 293 317 331 567 665 707 784 883 957 1057 1093
less
71 88 680 1009 1060
longest
72 88 99 131 134 143 152 192 214 264 343 385 416 452 474 582 596 614 632 680 887 912 945 1020 1078 1172 1192 1206
continuous
72 88 416 628 708
increasing
72 446 452 506 632 649 700 715 851 1055 1078
lexicographically
73 90 591 1059
sequence
73 114 287 767 876 1106 1192
arithmetic
74 473 641 876 1057 1144
slices
74 641
2d
76 146 661 803 1086 1190
arrays
76 156 279 379 396 432 564 613 836 856 934 957 1051 1165
by
76 111 133 136 199 209 239 302 311 392 446 512 525 560 599 604 653 666 733 870 887 957 976 1052 1066 1098 1109 1130
summing
76
values
76 419 691 692 1103 1153
fancy
77 1106
rank
78 414 525 801
diameter
79
even
80 141 184 310 372 458 487 577 599
multiple
80 285 420 1165
student
81
will
81 412
replace
81 429 667 831 843
chalk
81
dice
82 389
rolls
82 287
middle
83
product
84 92 93 147 175 219 254 308 355 463 522 549 688 737 777 817 931 943 985 1009
increments
84 218
nesting
85 894
lcm
86
preorder
87 164 461 548
subarray
88 129 222 263 313 427 463 522 677 708 746 820 911 940 971 1009 1034 1052 1172 1177
absolute
88 134 294 1033
diff
88
reconstruct
89 895 1102
2-row
89
equivalent
90 379 871
kth
91 185 335 529 553 575 837 966
integer
91 175 480 587 616 616 683 723 823 884 897 903 1002 1100 1123 1148
difference
92 248 294 392 469 471 528 700 703 821 877 897 968 1033 1187
between
92 169 227 325 350 451 471 646 648 700 771 877 901 934 1103
sales
93 759
analysis
93 434
i
93 297 434 488 531 987 1022 1028
pascal's
94
triangle
94 698
stone
96 149 160 693 902 981 1081 1137
game
96 149 159 173 265 275 315 434 610 630 693 724 768 804 879 892 921 981 1068 1081 1137
ix
96
unique
97 380 478 634 699 891 995 1013 1063 1116 1120
search
97 318 380 477 600 849 953 958 958
trees
97 380 381 519
shortest
98 117 231 287 313 643 796 859 940 1012 1107
alternating
98 197 814 848 972 1041
colors
98 456 1094
without
99 402 639 936
repeating
99 429 832 945
floored
100
ones
101 260 384 639 773 885
squares
102 682
sorted
102 196 212 289 313 321 347 348 396 524 537 540 542 644 696 865 939 1026
cache
103 581
swap
104 152 554 627 809 1042 1200
salary
104 112 457 658 658 753
different
105 269 322 608 872 1094
integers
105 310 372 413 476 559 639 720 832 872 962 1100 1109 1155 1197
jewels
106
stones
106 198 447 637
quality
107 329 886
ransom
108
note
108
width
109
columns
109 196 289 347 976
grid
109 166 305 390 505 649 682 803 859 988 1038 1058 1061 1064 1094 1190
items
111 120 426 697
groups
111 141 363 889 890 999 1090
respecting
111
dependencies
111
nth
112 947 970 1129
negabinary
113
stamping
114 1058
complement
115 823
ordered
116 206
stream
116 498 571 807
keys
117 171
cost
118 170 174 266 279 305 407 507 515 534 637 691 890 1082 1128
reach
118 673 757 966 1171
destination
118 267 433
inverse
119
matching
120 161 272 523 770 863
rule
120
divisions
121
area
122 368 771 896 984 1178
island
122 827 956
dining
123
philosophers
123
expressive
125
you
126 442 785 850 897 955 1131 1159
can
126 190 297 442 647 671 785 850 856 876 897 907 959 1098 1122 1131 1159
rope
127
colorful
127
movie
128
rental
128
good
129 253 453 489 496 527 761 789 967 1151 1157
elements
130 209 219 455 648 699 700 781 878 906 928 1048 1080 1087 1110 1177 1187
chain
131
people
132 657 791 881 1166
teach
132
digit
133 372 377 377 392 471 510 511 564 947 972
swaps
133 884 954 966 1099
parity
133
encode
135
decode
135 601 925 1010 1015
tinyurl
135
prefix
136 157 167 323 388 614 1011
divisible
136 140 302 560 599 870 1052
5
136 533
house
137 776 989
robber
137 776 989
diagonal
138
traverse
138
subset
140 338 484
reverse
141 451 559 638 778 805 852 1050 1138 1185
seat
142 913
reservation
142
manager
142
fibonacci
143 353 767
stack
144 172 256 547 1073
increment
144 1120
operation
144 558 941
rotting
145
oranges
145 1053
immutable
146 255
non
147
negative
147 616
least
148 533 652 842 940
operators
148
express
148
vi
149
into
150 258 363 419 661 756 767 916 1072 1086
stock
151 221 462 712 1037 1108 1170
price
151 426 593 690 877 931
fluctuation
151
for
152 163 170 359 422 519 587 625 674 831 941 961
character
152 199 239 945 995 1191
task
153 214 1147
scheduler
153 1147
contains
154
within
155 426 597 722
budget
155
ideal
156
counting
157 371
given
157 242 307 338 468 476 545 587 711 795 917 931 1116 1188
palindrome
158 284 328 343 394 398 521 565 617 741 812 887 907 1012 1027 1145 1149 1173 1179
winner
159 275 1007
last
160 257 291 370 483 524 626 902
weight
160 902
spiral
162
xor
163 361 405 484 529 558 651 760 856 911 1045
flip
164 415 653 851
sideway
165
jumps
165 1171
cyclically
166
rotating
166 744
check
167 273 316 377 379 388 453 505 517 598 652 663 671 773 800 865 871 1008 1134 1197
is
167 273 423 453 499 505 517 560 598 644 821 865 869 943 1008
rearranging
168
fruits
168 448
plates
169
candles
169
tickets
170 1090
2
171 818
keyboard
171
jump
173 724 768 1031 1068
v
173 1081
change
174 551 1054
final
174 374
expression
174 543 572 656 770
subtract
175
digits
175 333 506 511 561 799 884 895 1032 1066 1186
building
176 1136
boxes
176 430 465 785
crossing
177 728
fertile
178
pyramids
178
land
178 1101
destroy
179
sequential
179
targets
179
wonderful
180
outermost
181
say
182
nice
183
odd
184 458 487 577 660 882 1093 1185
bits
184 371 1041 1138
step-by-step
186
directions
186
another
186 629 671
visible
187 844 881
points
187 276 442 507 539 771 771 890
bitset
188
underground
189
enemy
190
forts
190
be
190 313 422 647 833 1098
captured
190
xor-beauty
191
dictionary
192 722 917
erasure
193
excel
194 982
sheet
194 982
column
194 447 676 982
gap
195 1004
iii
196 277 521 583 654 685 693 712 742 768 778 989 1039
changes
197
moving
198
until
198
differ
199
one
199 427 619 653 773 945 1200
flood
201
gas
202
station
202
tenth
203
uncommon
204
sentences
204 357
root
205 369
leaf
205 496 691
period
206
modify
207
weights
207
echo
208
rearrange
209 304 314 844 1011
sign
209 355 951
version
210 609
square
211 385 544 568 885 919 943 959 1060 1174
duplicates
212 225 939
permutation
213 601 622 880 1124 1200 1203
representation
213 619
employee
214 359 604
worked
214
wiggle
215 535
out
216 370
ways
217 276 282 286 322 433 642 721 761 794 844 917 927 938 943 985 1015 1151
reorder
217 650
bst
217 335 400 436 901 1065
form
218 564 716 856 917 959
non-zero
219
smooth
221
descent
221
periods
221
square-free
223
removing
224 250 949 1080 1204
adjacent
225 884 933 966
lexicographical
226 228 626 915
angle
227
hands
227
clock
227
k-th
228 341 847 915
customers
229 1096
who
229 454 775 842 1096
never
229
non-decreasing
230 923
visiting
231
odds
232
anagrams
233
transpose
234
great
235 1044
roll
236 389
sequences
236 256 566 725
depth
238 894 1196
h-index
240 853
vowel
241
ranges
241
hash
242
candies
243 669 785 1082
allocated
243
children
243
queries
244 340 509 849 886 911 1203
base
245 271 823
7
245
solve
246
equation
246 587 709
boomerang
247
equals
249 800 1034
flips
251 437 811
convert
251 271 332 400 441 661 751 1074 1086 1100
burgers
252
waste
252
ingredients
252
except
254
self
254 728
validate
256 460 977
prototype
257
disjoint
258 498
intervals
258 363 498 648 749 962 1056
islands
259 586
triangulation
261
polygon
261 810
univalue
264
life
265
total
266 279 408 593 604 611 726 841 1075 1180
hire
266
workers
266
city
267 650 816 946 1140
palindromic
269 478 557 603 743 1020
function
270 324 386 748
composition
270
-2
271
wildcard
272
powers
273
moves
274 332 378 394 455 906 1064
move
274
box
274 744
their
274 1030
location
274
tic
275
tac
275
toe
275
earn
276 555
single
277 436 1026 1071
my
278 488
calendar
278 488
unequal
279
perfect
280 819 919
bank
281 789
account
281
summary
281
stay
282
place
282 1122
some
282 1080
steps
282 448 513 617 619 623
parts
283 916
buy
286 712 1037 1108 1170
pens
286
pencils
286
impossible
287 395
throne
288
inheritance
288
assign
290 850
cookies
290 1067
person
291 759
fit
291
bus
291
determine
292 351 1098
halves
292
alike
292
memory
295 1077
allocator
295
win
297 1189
burst
298 845
balloons
298 845
lonely
299
fraction
300 341
addition
300 574
subtraction
300
cycle
301 796
power
303 1109
print
306 342 487 591 942 1079
students
307 543 802
doing
307
homework
307
at
307 433 448 533 652 653 711 773 842 884 931 940 946
dot
308
earnings
309
taxi
309
positive
310 491 522 587 616
formed
311
letters
311 638
percentage
312 886
removed
313 447
table
314 837
dungeon
315
ascending
316
sentence
316 367 388 742
fixed
317 812
bounds
317
recover
318 500
flatten
319
nested
319
iterator
319 477
rotated
321 696 799 865
scores
323 414
create
324 436 735 795
hello
324
world
324
cities
325
k-concatenation
326
fair
327 554 1067
break
328 438 671 723
coordinate
329 529 964
network
329 362 734
ladder
330 352
circle
334 689 1163
overlapping
334
minimize
336 443 593 968 1042 1051
sell
337 712 1037 1108 1170
diminishing-valued
337
balls
337
sums
338 420 585 1052 1187
compression
339
handling
340
update
340
prime
341 565 777 798 1143
vertically
342
rising
344 668
temperature
344 751
multiply
345
appearing
348
25%
348
vertical
349 771 984
dates
350
close
351
cross
354
bridge
354 643
found
357
star
358 450
primary
359
department
359 457
refueling
360
stops
360
delay
362
divide
363 794 1072
strange
364 502
printer
364 502
lines
366
write
366
surface
368
3d
368
shapes
368
possible
369 884 1101
moment
370
before
370 1134
ants
370
fall
370 412
plank
370
sudoku
373
variable
374
performing
374 382
slowest
375
key
375 835 1203
combination
376 556 969
has
377 454 773 964
complementary
378
leaf-similar
381
multiplication
382 837
4sum
383
streak
385
call
386
custom
386 449
context
386
fizz
387 467
buzz
387 467
multithreaded
387
occurs
388
as
388 421 498 1101 1101
any
388 622 775 1132
simulation
389 645 1035
visit
390 1118
cell
390
averages
391 746 857
remapping
392
dinner
393
plate
393
stacks
393
median
396 571 1156
n-th
397
tribonacci
397
closest
398 501 545 633 849 1128
splitting
399 419 511
greater
400 531 536 592 654 864 969 979 1085 1110 1177
swapping
401
aaa
402
bbb
402
inorder
403 548
postorder
403 576
ice
404
cream
404
bars
404
confirmation
406
rate
406
fuel
407
report
407
capital
407
importance
408
roads
408
defanging
409
ip
409 460
address
409 460
escape
410
large
410 563 999
maze
410
symmetric
411
where
412 943 1159
ball
412
append
413
minimal
413
random
415 520 1121 1163
alphabetical
416
maximize
417 1011 1014 1140 1179
confusion
417
exam
417 802 935
divisibility
418 580
descending
419
logical
421
grids
421
represented
421
quad-trees
421
infected
422
bipartite?
423
erect
425
fence
425
ranked
426
deletion
427
mirror
428
reflection
428
?'s
429
avoid
429
delivering
430
storage
430
ports
430
deepest
431 787
similar
432 588
arrive
433 740
play
434
occurrences
435 1083
bsts
436
bit
437
brace
439
expansion
439
degree
440
connected
440 734
trio
440
hexadecimal
441
obtain
442 607
cards
442 715
pair
443 451 561 847 1103
132
445
harvested
448
center
450
it
453 1008
friend
454
requests
454 920 922
ii:
454
friends
454
goal
459
parser
459 594 1193
interpretation
459
online
462
span
462
scramble
464
according
468
pivot
468 670 903
average
469 599 658 690 864
coins
470 729
piles
470
day
472
year
472 1139
verbal
473
puzzle
473
happy
474 614 915
length-3
478
group
479 666 954
punishment
480
collect
481 729 1097
apples
481
restricted
483
first
483 491 524 557 609 676 995
totals
484
video
485
stitching
485
alphabet
486
board
486
reformat
490 930
date
490 931
missing
491 589
critical
492
pseudo-critical
492
spanning
492
univalued
493
multiples
494
patients
495
condition
495
special
497 516 518 624 936 1110 1167
data
498 571 600
prefix-aligned
499
original
500 750 895
mutated
501
generated
504
there
505
monotone
506 851
subrectangle
509
calculate
510 516 1183
four
511 631
white
512
tiles
512
covered
512 749 976 1197
carpet
512
anagram
513
users
514 1146
e-mails
514
min
515
climbing
515
stairs
515
bonus
516
transformable
517
typewriter
518
cut
519
off
519
golf
519
event
519
point
520 964 1018 1163
rectangles
520 959 1018
partitioning
521 1173
position
524 625
teams
525 1072
votes
525
quad
526
non-increasing
530
next
531 536 592 654 880 948 1070 1085
falling
532 861
managers
533 1030
direct
533
reports
533
distances
538 590
archery
539
competition
539 1189
chunks
540
container
541
lists
542 781 862
solving
543 793
math
543
1-bordered
544
disappeared
546
implement
547 991 1112
queues
547
splitted
549
lemonade
551
divisor
552 804
candy
554 1131
whose
560
3sum
562 605
multiplicity
562
statistics
563
sample
563
hidden
566 1066
gcd
567
triples
568 1119
detonate
569
bombs
569
interval
570 612 660 1206
include
570
parsing
572
boolean
572
weighted
573
subgraph
573
required
573
invalid
578
tweets
578
monotonic
579
lfu
581
harmonious
582
parallel
583
courses
583
texts
584
k-subarray
585
closed
586
solution
587
robot
591 645 689 1035
trips
593
mini
594
01
595
zigzag
596 754
capacity
597
ship
597
packages
597
d
597
x-matrix
598
structure
600
xored
601
height
602 1136
spent
604 727
running
606 1040
1d
606 661
gcds
608
bad
609
new
610
21
610
traveled
611
insert
612 900
squareful
613
advantage
615
insertion
617 640
tag
618
validator
618
reduce
619 623 695 974 1201
labels
620
comments
621
positions
624 999
best
625 712 813 1037 1047 1108 1170 1199
service
625
centre
625
elimination
630 859
divisors
631 659
wraparound
634
bouquets
635
reachable
636
restrictions
636
only
638 758
non-negative
639
input
644
walking
645 1035
zeros
646
artifacts
647
extracted
647
identical
648
routes
650
lead
650
1's
652 954
places
652
away
652
disconnect
653 956
lower
655 868
case
655 868 1124
parse
656
lisp
656
secret
657
excluding
658
k-sum
662
knight
663
tour
663
configuration
663
removable
664
swim
668
water
668 752 790 1152 1181
kids
669
jumbled
672
vertices
673
penalty
674
shop
674
enclaves
675
completely
676
painted
676
size
677 864 974 1019
window
678 779 1156
exchange
679
seats
679
lowest
681 787
ancestor
681 787
magic
682 1174
lucky
683
meeting
685 833
rooms
685
push
686
dominoes
686
homogenous
687
bounded
689 707 711
selling
690 1049
strongest
692
basic
694
calculator
694
x
695 964 1110 1110
rearranged
701
super
705 846 1154
palindromes
705
flipping
706
senior
713
citizens
713
peak
714
reveal
715
triplets
716 856 1144
triplet
716
chunk
717
evaluate
718 898
bracket
718
powerful
720
cutting
721
pizza
721
edits
722
dna
725
hamming
726 910 1042
together
727 954
unoccupied
730
chair
730
smoother
731
minesweeper
732
compatibility
736
tuple
737
watering
738
plants
738
exists
739
speed
740
similarity
742
initial
745
energy
745
finish
745 1161
tasks
745 850 1161
radius
746
calls
748 873
doubled
750
trapping
752
rain
752
second
753 997
fruit
756
baskets
756
1s
758
neighboring
760
bitwise
760 762 766 969 1045 1119
build
761 1073 1159
simplified
763
fractions
763
short
764
encoding
764
apply
766 782 792
removals
769 937
mountain
769
regular
770
widest
771
counter
772
segment
773
69
774
customer
775 788 1088
visited
775 875
but
775
did
775
not
775
transactions
775 1022
factors
777 1143
sliding
779 1156
covering
781
over
782
space
783 1075
wasted
783 1075
packaging
783
ugly
786 846 1039 1091
richest
788
wealth
788
rob
789
taps
790
open
790
garden
790
questions
793
brainpower
793
long
794
corridor
794
immediate
797
food
797
delivery
797
arrangements
798
summation
800
sequentially
801
ordinal
801
tracker
801 825
taking
802
cycles
803
pass
806
pillow
806
beauty
808 841
collisions
810
monkeys
810
suffix
811 1061
conflicts
813
costs
815
scheduling
816
abbreviating
817
egg
818
drop
818
eggs
818
floors
818 936 936
min-product
820
such
821
pow(x,
822
n)
822
10
823
vowels
824 1188
bitwise-or
826
perimeter
827
invert
828
1-bit
829
2-bit
829
toeplitz
830
balanced
831
distribute
832
employees
833 1028 1030
invited
833
ancestors
834
directed
834 1142
acyclic
834
license
835
formatting
835
intersection
836 862 1165
triangular
838
cherry
839
pickup
839
gardens
841
actors
842
directors
842
cooperated
842
sticks
844 844
arrows
845
k-group
852
altitude
854
majority
855
sender
858
obstacles
859
players
863 1072
trainers
863
sub-arrays
864
threshold
864 946 1060 1177
message
866 925
memoize
867 1105
english
868 895 1002
upper
868
whether
871 1098
almost
871
recent
873
empty
874
sector
875
track
875
progression
876
filter
878
24
879
queue
881 1160
generate
882 1163
have
882 955
counts
882
concatenating
887
special-equivalent
889
connect
890
email
891
addresses
891
losers
892
changing
897
division
898
thousand
899
separator
899
getrandom
900
o(1)
900
profit
904 1141
operating
904
centennial
904
wheel
904
boomerangs
905
orders
908
backlog
908
rungs
909
subpath
912
cinema
913
allocation
913
big
918
countries
918
servers
920
handled
920
baseball
921
achievable
922
transfer
922
brick
924
wall
924
1
928
k-increasing
929
performance
932
flower
933
planting
933
room
935
select
938
buildings
938
foobar
942
alternately
942 1133
twin
944
populating
948 1070
pointers
948 1070
plus
951
units
952
truck
952
suggestions
953
full
955
rounds
955
played
955
reversing
957
rotation
960 1098
rotations
961
grumpy
963
bookstore
963
owner
963
nearest
964
y
964
spliced
965
magical
970
minimums
971
freedom
973
trail
973
half
974
rows
976
bulb
978
switcher
978
stickers
980
spell
980
title
982
ipo
983
piece
984
cake
984
horizontal
984
cuts
984
consistent
986
illumination
988
rand10()
991
rand7()
991
put
993
marbles
993
bags
993
sub-folders
994
filesystem
994
curry
996
third
998
incompatibility
1000
loud
1005
rich
1005
naming
1006
company
1006
predict
1007
straight
1008
slanted
1010
ciphertext
1010
interleaving
1016
finding
1021 1146
certain
1021
monthly
1022
infinite
1023
set
1023 1164 1205
project
1028
reducing
1029
dishes
1029
earning
1030
frog
1031
surrounded
1036
regions
1036
transaction
1037
fee
1037
fish
1038
computers
1040
pairings
1045
corresponding
1046
clone
1046
poker
1047
hand
1047
wood
1049
eat
1053 1131
side
1060
execution
1061
instructions
1061
staying
1061
combine
1062
tables
1062
morse
1063
code
1063
latest
1066 1202
replacing
1066 1143
distribution
1067
double
1069
reversal
1069
biggest
1071
skill
1072
resizing
1075
k-mirror
1076
incremental
1077
leak
1077
mean
1080
buying
1082
discount
1082
skyline
1084
problem
1084 1181
conditions
1086
marking
1087
referee
1088
single-threaded
1089
cpu
1089
booking
1090
concert
1090
sqrt(x)
1092
clumsy
1095
factorial
1095 1175
bought
1096
garbage
1097
no-zero
1100
far
1101
itinerary
1102
pyramid
1104
transition
1104
superstring
1107
trie
1112
(prefix
1112
tree)
1112
ambiguous
1113
coordinates
1113
snakes
1114
ladders
1114
hills
1117
valleys
1117
subdomain
1118
pick
1121
flowers
1122
allocate
1125
mailboxes
1125
watch
1126
dessert
1128
end
1129
subtracting
1130
amounts
1130
your
1131 1131
favorite
1131 1131
day?
1131
minimized
1132
distributed
1132
a's
1134
appears
1134
b's
1134
provinces
1135
viii
1137
population
1139
powered
1140
assigning
1141
work
1141 1161
active
1146
minutes
1146
roman
1148
lcp
1150
pacific
1152
atlantic
1152
flow
1152
local
1153
washing
1154
machines
1154
exactly
1159
comparisons
1159
orderly
1160
sessions
1161
tic-tac-toe
1162
state
1162
zeroes
1164 1175
boats
1166
save
1166
quadruplets
1167
top
1168
bottom
1169
cooldown
1170
home
1171
turbulent
1172
trailing
1175
eventual
1176
safe
1176
states
1176
varying
1177
strength
1180
wizards
1180
jug
1181
contain
1182
virus
1182
delayed
1183
arrival
1183
exclusive
1184
functions
1184
levels
1185
separate
1186
removal
1187
hours
1189
training
1189
shift
1190
take
1191
html
1193
entity
1193
hashset
1194
car
1195
pooling
1195
events
1199
previous
1200
transformation
1201
login
1202
2020
1202
stars
1204
mismatch
1205
well-performing
1206
